link_mass:
  MP_HEAD: 0.15804192
  MP_NECK: 0.024357719
  MP_BODY: 0.97559947
  MP_SHOULDER_R: 0.025913024
  MP_ARM_HIGH_R: 0.16837715
  MP_ARM_LOW_R: 0.059288504
  MP_GRIPPER_FIX_R: 0.010
  MP_GRIPPER_FIX_DUMMY_R: 0.010
  MP_GRIPPER_FIX_MOV_R: 0.010
  MP_SHOULDER_L: 0.025913024
  MP_ARM_HIGH_L: 0.16837715
  MP_ARM_LOW_L: 0.059288504
  MP_GRIPPER_FIX_L: 0.010
  MP_GRIPPER_FIX_DUMMY_L: 0.010
  MP_GRIPPER_FIX_MOV_L: 0.010
  MP_PELVIS_R: 0.167
  MP_THIGH1_R: 0.11904336
  MP_THIGH2_R: 0.11904336
  MP_TIBIA_R: 0.070309794
  MP_ANKLE1_R: 0.16710792
  MP_ANKLE2_R: 0.0794462
  MP_PELVIS_L: 0.167
  MP_THIGH1_L: 0.11904336
  MP_THIGH2_L: 0.11904336
  MP_TIBIA_L: 0.070309794
  MP_ANKLE1_L: 0.16710792
  MP_ANKLE2_L: 0.0794462
  MP_BACK_R: 0.010
  MP_BACK_L: 0.010